0	0	0	0	1
0	0	0	0.333333333333333	0.666666666666667
0	0	0	0.666666666666667	0.333333333333333
0	0	0	1	0
0	0	0.333333333333333	0	0.666666666666667
0	0	0.333333333333333	0.333333333333333	0.333333333333333
0	0	0.333333333333333	0.666666666666667	0
0	0	0.666666666666667	0	0.333333333333333
0	0	0.666666666666667	0.333333333333333	0
0	0	1	0	0
0	0.333333333333333	0	0	0.666666666666667
0	0.333333333333333	0	0.333333333333333	0.333333333333333
0	0.333333333333333	0	0.666666666666667	0
0	0.333333333333333	0.333333333333333	0	0.333333333333333
0	0.333333333333333	0.333333333333333	0.333333333333333	0
0	0.333333333333333	0.666666666666667	0	0
0	0.666666666666667	0	0	0.333333333333333
0	0.666666666666667	0	0.333333333333333	0
0	0.666666666666667	0.333333333333333	0	0
0	1	0	0	0
0.333333333333333	0	0	0	0.666666666666667
0.333333333333333	0	0	0.333333333333333	0.333333333333333
0.333333333333333	0	0	0.666666666666667	0
0.333333333333333	0	0.333333333333333	0	0.333333333333333
0.333333333333333	0	0.333333333333333	0.333333333333333	0
0.333333333333333	0	0.666666666666667	0	0
0.333333333333333	0.333333333333333	0	0	0.333333333333333
0.333333333333333	0.333333333333333	0	0.333333333333333	0
0.333333333333333	0.333333333333333	0.333333333333333	0	0
0.333333333333333	0.666666666666667	0	0	0
0.666666666666667	0	0	0	0.333333333333333
0.666666666666667	0	0	0.333333333333333	0
0.666666666666667	0	0.333333333333333	0	0
0.666666666666667	0.333333333333333	0	0	0
1	0	0	0	0
0.100000000000000	0.100000000000000	0.100000000000000	0.100000000000000	0.600000000000000
0.100000000000000	0.100000000000000	0.100000000000000	0.350000000000000	0.350000000000000
0.100000000000000	0.100000000000000	0.100000000000000	0.600000000000000	0.100000000000000
0.100000000000000	0.100000000000000	0.350000000000000	0.100000000000000	0.350000000000000
0.100000000000000	0.100000000000000	0.350000000000000	0.350000000000000	0.100000000000000
0.100000000000000	0.100000000000000	0.600000000000000	0.100000000000000	0.100000000000000
0.100000000000000	0.350000000000000	0.100000000000000	0.100000000000000	0.350000000000000
0.100000000000000	0.350000000000000	0.100000000000000	0.350000000000000	0.100000000000000
0.100000000000000	0.350000000000000	0.350000000000000	0.100000000000000	0.100000000000000
0.100000000000000	0.600000000000000	0.100000000000000	0.100000000000000	0.100000000000000
0.350000000000000	0.100000000000000	0.100000000000000	0.100000000000000	0.350000000000000
0.350000000000000	0.100000000000000	0.100000000000000	0.350000000000000	0.100000000000000
0.350000000000000	0.100000000000000	0.350000000000000	0.100000000000000	0.100000000000000
0.350000000000000	0.350000000000000	0.100000000000000	0.100000000000000	0.100000000000000
0.600000000000000	0.100000000000000	0.100000000000000	0.100000000000000	0.100000000000000